,0
0,2.1925133556789658
1,2.8765895611208334
2,0.6307524668224321
3,1.4862006219146724
4,0.5535150611270512
5,2.099745940054336
6,2.7666395423557852
7,1.6442434554282794
8,0.2689095656179631
9,1.3514283034737824
10,0.5158339566653004
11,0.48406505252390664
12,1.855619421110921
13,0.44381169369133466
14,1.9987708675119
15,1.4089328475990412
16,2.650501725080798
17,0.12225929558029602
18,1.6948663844222704
19,1.457606292154638
20,0.3648360710730989
21,2.203017359983558
22,1.6346290611388756
23,1.8095241881659856
24,0.2442617262721557
25,0.21780207080390435
26,1.504359562068076
27,2.0589566052761046
28,2.154930642908388
29,0.48965334889797063
30,0.8598068983566448
31,2.6112986889738528
32,1.6753645317096955
33,0.18324280573565355
34,0.6459326093574128
35,0.6254644381034965
36,1.9866346521912845
37,2.5236554383296457
38,1.8769837192664298
39,2.728066406283041
40,1.9612165796928192
41,0.4735655478467109
42,0.6173432088943245
43,0.12199281605270085
44,2.939935038012892
45,1.3559756783752768
46,0.5419871833421039
47,1.1903884466156962
48,0.24542587864050447
49,1.2672129926847318
50,2.921553442840343
51,2.9568873231629977
52,2.5178466185572663
53,2.6743884441429535
54,0.1010756414440892
55,1.457915432135778
56,2.336861049396509
57,1.9788623089449078
58,0.6225109474013478
59,2.340534704877523
60,1.6480649466121875
61,2.1598563146118415
62,0.9628915442909253
63,1.0871670440670556
64,0.8706828639288826
65,2.929835648060612
66,2.1890297322736907
67,1.0390131960716795
68,0.9993933806104653
69,1.7356089689424468
70,2.634147823945978
71,0.3858074942291677
72,2.996046953123297
73,2.716283364579819
74,1.6868447408257576
75,1.9133816987381693
76,0.05322599737563405
77,1.059948226473827
78,1.4946869495264488
79,2.9635936567908603
80,0.08081319370350382
81,0.7492385829722032
82,0.592298974698112
83,2.594989221824245
84,2.14219583786274
85,2.1584537878008487
86,1.2773341061311492
87,0.56357630702871
88,0.5605710891928603
89,2.0984027047358245
90,1.3953231933757313
91,0.9646704428071201
92,2.408424611032819
93,2.365012167869592
94,2.157972090973722
95,0.20976326657709643
96,1.4322270326874658
97,2.5962924182042704
98,0.9239666554098135
99,0.9903664546956166
100,2.5483241218066874
101,1.6362853540101603
102,1.5463703205756847
103,1.1058640082498767
104,1.184458424226913
105,2.1065624352204053
106,2.967998509690238
107,0.5939879834529977
108,0.32668221482244264
109,0.3631287652248294
110,1.8071037104909036
111,1.2237027632346729
112,0.21209782160047952
113,1.6339492308524066
114,1.0939819205042596
115,1.898015629303457
116,1.3538618100757465
117,1.8154124418795061
118,1.9986366673097429
119,0.3655602447954047
120,0.41375693213622977
121,2.3854621192705023
122,2.494349062116228
123,2.197567908179912
124,0.3448529818985584
125,2.160538964680427
126,2.7099819353610917
127,0.6605873875831473
128,0.2398322259612381
129,1.4278602844904975
130,0.8236030718568561
131,0.11070473999168096
132,0.15056474921194984
133,1.722517132618921
134,0.16461606543625684
135,0.24145385596482816
136,2.9709160140288984
137,2.329812628629967
138,0.5123494879808854
139,0.09430807544969688
140,0.5981797622688215
141,1.3788811162499837
142,1.2299974659467465
143,0.7473751440558587
