,0
0,2.87098420466894
1,2.2021691404532837
2,2.3991463775200716
3,1.2646160291629696
4,2.170805004000609
5,0.41758175249525575
6,0.11879863341562291
7,0.8234464046033508
8,2.270582470996887
9,2.075342643223257
10,2.076569808913775
11,1.3463306773840897
12,1.142180931530767
13,1.4350254406584049
14,1.5366541590374343
15,2.2878495591045316
16,0.8884821764692754
17,2.053232165895122
18,0.2988306748402646
19,2.6011819403556546
20,0.6730990550905674
21,1.841056065074013
22,1.1287359643514752
23,2.921702677771266
24,0.37156737046459243
25,2.357691709063426
26,0.7414571130953483
27,1.2992304000101904
28,1.267891751756523
29,0.9528647060185829
30,2.92840090690344
31,1.552344412779458
32,1.746286076583765
33,0.647978188868043
34,1.6071581497420406
35,2.979226739748018
36,0.5779642803688031
37,2.2337687106260886
38,2.8541459861047915
39,2.543787588388397
40,1.8065440371702728
41,2.995657789822083
42,0.15144964729790977
43,2.179829180405643
44,2.3692844590041737
45,0.6291172694688696
46,0.5076571795106544
47,1.627412330569415
48,2.735431680083109
49,0.047392412738645584
50,1.2325262072389633
51,1.9582037093972557
52,1.5122932628459147
53,2.820974234260805
54,1.1553760323570303
55,1.276537249950103
56,1.9455980205792573
57,1.1632531688352896
58,1.7985429212964748
59,2.6241889238837506
60,1.3500954348285021
61,1.054516282870154
62,0.8966412428938939
63,1.3572273707360276
64,2.267076700821039
65,1.6596695002646864
66,0.5779050611521147
67,2.4662717078116616
68,1.8216643432895587
69,0.4095842929383472
70,2.2254011216583724
71,2.6933842622569077
72,2.8122059818072986
73,0.9675866336251671
74,0.04965553116377086
75,0.20143763688509797
76,1.9341706499584757
77,2.5058185742409527
78,0.35262364021435955
79,2.646125928531254
80,2.8198996409301027
81,1.156294369788669
82,2.0257725592170637
83,1.8828576756995068
84,2.307525597784068
85,0.8996973076312023
86,2.6618154921893824
87,1.1379609153082746
88,2.5690616718166663
89,0.7501535241766468
90,1.6776017136101176
91,0.16216144935933374
92,1.1907797758753118
93,0.4298399185949455
94,1.1228652967804527
95,1.8148260162837186
96,1.1945693621867428
97,2.785603370833525
98,2.4669642216176775
99,0.18780551651767696
100,2.950408740273986
101,0.6748887084393724
102,0.8359696078930424
103,1.6097008107498845
104,0.7106663040139686
105,0.0926495278745757
106,2.451774073568216
107,0.9914846066726026
108,0.7534084467449358
109,0.7578487641781066
110,0.21305335249125512
111,0.5342739215827025
112,0.03465096502291143
113,2.3311507014319233
114,1.0933324945214218
115,0.9602777384702915
116,1.0648050186748255
117,1.7463264387052777
118,1.157541351046997
119,0.6898215899028148
120,2.629151508238038
121,0.16513072416539698
122,1.8709297178431148
123,2.7215849200452302
124,0.8634382561356951
125,1.3901554806243108
126,0.22592946886678555
127,1.9690078173997994
128,1.1856442926363167
129,2.257012509707973
130,0.7558024644114223
131,0.2510380003956305
132,0.5032060836389105
133,2.7452786854400326
134,2.7394743203185525
135,1.697403562061948
136,2.5035568755829445
137,1.5337698234921668
138,0.18701606329479337
139,1.9200534613055789
140,0.476672057291576
141,1.4615586571102073
142,2.8450945413058704
143,0.7446128005687995
